   183   2.792859   0.246347   0.470175    9.50    -50.402130  1
   246   2.694623   0.107090   0.265736    8.50    -50.158177  2
   724   2.455457   0.240730   0.199480   13.90    -50.274701  0
   754   2.987385   0.060366   0.410754    9.30    -50.354245  2
  1098   2.688798   0.094959   0.245192   10.50    -50.245275  2
  1106   2.597677   0.162951   0.236271   11.80    -50.349278  1
  1230   2.572478   0.153106   0.186496   13.10    -50.299081  0
  1425   2.612202   0.146260   0.225698   11.40    -50.311832  2
  1473   2.574721   0.181505   0.243407   11.80    -50.327107  2
  1833   2.634586   0.089474   0.171033   11.80    -50.324287  2
  1886   2.626403   0.141092   0.236009   12.10    -50.268987  0
  1945   2.554448   1.049965   0.065060   12.80    -50.175928  0
  2257   2.487544   0.175470   0.104770   13.30    -50.262549  1
  2337   2.594189   0.165049   0.233026   12.10    -50.457838  0
  2351   2.529799   0.141074   0.079442   13.00    -50.228798  0
  2388   2.450941   0.206751   0.054508   13.10    -50.167874  0
  2477   2.557048   0.132221   0.108218   12.40    -50.350828  1
  2649   2.626623   0.137493   0.225061   12.00    -50.483145  0
  2786   2.606293   0.149503   0.225510   11.90    -50.219871  0
  3104   2.963613   0.053620   0.401532   10.70    -50.336737  1
  3528   2.533328   0.157486   0.149675   13.00    -50.334044  0
  3617   2.627580   0.144631   0.241445   12.40    -50.291376  1
  3815   2.571134   0.139939   0.156242   12.30    -50.308803  2
  3995   2.635263   0.063725   0.144831   12.20    -50.169517  2
  4046   2.635253   0.061513   0.143475   12.40    -50.156357  0
  4313   2.653415   0.046671   0.148840   12.80    -50.516116  0
  4452   2.615742   0.160293   0.252694   12.20    -50.252430  1
  4567   2.584103   0.162979   0.224871   13.40    -50.138670  1
  4572   2.595035   0.152550   0.215050   12.70    -50.342559  2
  4591   2.455293   0.205979   0.038090   14.00    -50.487892  0
  4766   2.591077   0.160860   0.223927   12.70    -50.404173  0
  4974   2.604739   0.156625   0.233423   12.70    -50.374167  1
  5104   2.614798   0.161161   0.252129   12.00    -50.360971  2
  5105   2.595521   0.152580   0.216318   12.20    -50.309875  0
  5122   2.588912   0.154313   0.209946   12.20    -50.376651  2
  5152   2.624539   0.142095   0.229430   13.10    -50.519924  0
  5255   2.671352   0.049381   0.182099   13.20    -50.432510  2
  5270   2.573541   0.158341   0.197139   12.80    -50.394917  2
  5288   2.605077   0.146697   0.217371   12.50    -50.351583  2
  5489   2.627909   0.134032   0.229444   11.60    -50.142990  0
  5521   2.575910   0.148146   0.178719   12.40    -50.435581  1
  5611   2.596151   0.154272   0.221253   12.80    -50.230568  0
  5632   2.743414   0.093160   0.291280   11.90    -50.440301  1
  5650   2.618993   0.143255   0.228228   11.90    -50.395278  0
  5805   2.603132   0.150698   0.223927   12.50    -50.262064  2
  5813   2.600457   0.135441   0.191930   12.70    -50.378838  2
  5819   2.530759   0.143368   0.083970   13.40    -50.364700  0
  5913   2.601518   0.151091   0.222262   12.20    -50.267975  0
  6119   2.614996   0.136385   0.217657   12.90    -50.146086  0
  6217   2.421341   0.253151   0.176840   14.20    -50.165158  1
  6238   2.561213   0.132951   0.123969   12.60    -50.247222  0  
  6356   2.618222   0.151367   0.239104   12.80    -50.434631  1
  6422   2.624957   0.139208   0.228194   12.50    -50.438849  0
  6512   2.572640   0.156084   0.192555   13.30    -50.325090  2
  6695   2.606673   0.173660   0.267344   14.10    -50.145571  0
  7138   2.591072   0.115462   0.142860   13.40    -50.224121  2
  7285   2.574828   0.161008   0.205000   13.00    -50.321843  2
  7298   2.527904   0.153906   0.120379   13.40    -50.407362  0
  7318   2.611791   0.144295   0.221891   12.50    -50.332729  2
  7333   2.578195   0.144386   0.177919   12.70    -50.263381  2
  7878   2.620323   0.147029   0.236011   13.10    -50.342962  2
  8041   2.624337   0.137935   0.223158   12.50    -50.475434  2
  8118   2.629861   0.137748   0.231902   13.00    -50.419709  2
  8132   2.626268   0.134552   0.227483   12.20    -50.171763  1
  8228   2.575484   0.162876   0.208853   12.60    -50.379662  2
  8370   2.565377   0.158133   0.185619   13.60    -50.380887  2
  8493   2.478354   0.191569   0.088614   14.10    -50.525861  0
  8793   2.533395   0.134049   0.057997   13.70    -50.143124  2
  8832   2.571759   0.139890   0.156969   13.90    -50.318861  2
  9034   2.643227   0.067493   0.156748   12.60    -50.387688  2
  9133   2.625702   0.135190   0.223503   14.20    -50.387865  0
  9161   2.658110   0.119849   0.240013   13.20    -50.323913  2
  9193   2.606301   0.159695   0.242159   12.90    -50.260454  0
  9532   2.592748   0.145190   0.199654   12.90    -50.280952  2
  9549   2.608105   0.143492   0.211361   12.50    -50.523452  0
  9802   2.527014   0.142452   0.070560   14.50    -50.392912  0
  9891   2.593433   0.158394   0.220573   12.80    -50.477382  0
  9973   2.530659   0.135978   0.048043   14.20    -50.276970  2